500 randomizations of the lab 1 data, difference in means (B-A)
  10 values per line

-5.389 -5.213 -5.111 -5.081 -4.961 -4.739 -4.723 -4.697 -4.591 -4.521
-4.457 -4.449 -4.427 -4.423 -4.417 -4.403 -4.385 -4.365 -4.347 -4.345
-4.325 -4.309 -4.269 -4.265 -4.225 -4.161 -4.149 -4.125 -4.067 -4.047
-4.031 -3.995 -3.905 -3.897 -3.885 -3.871 -3.849 -3.837 -3.835 -3.815
-3.809 -3.783 -3.779 -3.749 -3.739 -3.685 -3.663 -3.657 -3.649 -3.641
-3.621 -3.617 -3.583 -3.553 -3.549 -3.543 -3.539 -3.513 -3.497 -3.493
-3.491 -3.479 -3.477 -3.463 -3.463 -3.455 -3.427 -3.423 -3.419 -3.381
-3.363 -3.357 -3.323 -3.291 -3.273 -3.259 -3.181 -3.179 -3.159 -3.157
-3.113 -3.067 -3.051 -3.041 -3.039 -3.035 -3.019 -3.011 -3.009 -2.971
-2.931 -2.923 -2.915 -2.879 -2.841 -2.829 -2.829 -2.823 -2.799 -2.781
-2.739 -2.731 -2.675 -2.635 -2.627 -2.611 -2.541 -2.535 -2.529 -2.511
-2.467 -2.463 -2.417 -2.365 -2.343 -2.335 -2.327 -2.265 -2.253 -2.237
-2.217 -2.189 -2.149 -2.143 -2.119 -2.115 -2.109 -2.095 -2.055 -2.053
-2.039 -2.037 -2.029 -2.027 -2.005 -1.983 -1.967 -1.959 -1.897 -1.885
-1.877 -1.865 -1.819 -1.819 -1.817 -1.813 -1.811 -1.805 -1.801 -1.785
-1.775 -1.773 -1.747 -1.727 -1.723 -1.697 -1.693 -1.681 -1.679 -1.669
-1.665 -1.661 -1.657 -1.649 -1.633 -1.615 -1.599 -1.593 -1.589 -1.565
-1.559 -1.555 -1.543 -1.539 -1.519 -1.517 -1.473 -1.465 -1.409 -1.407
-1.379 -1.357 -1.349 -1.341 -1.251 -1.231 -1.225 -1.217 -1.217 -1.213
-1.201 -1.187 -1.167 -1.147 -1.093 -1.033 -1.023 -1.009 -1.001 -0.971
-0.951 -0.949 -0.939 -0.935 -0.885 -0.881 -0.865 -0.825 -0.803 -0.797
-0.759 -0.745 -0.735 -0.699 -0.683 -0.683 -0.673 -0.669 -0.653 -0.653
-0.641 -0.637 -0.619 -0.613 -0.593 -0.567 -0.561 -0.561 -0.549 -0.539
-0.519 -0.501 -0.489 -0.487 -0.471 -0.455 -0.441 -0.429 -0.425 -0.411
-0.359 -0.353 -0.323 -0.291 -0.249 -0.245 -0.219 -0.211 -0.195 -0.115
-0.059  0.015  0.025  0.027  0.043  0.049  0.063  0.089  0.091  0.119
 0.183  0.213  0.215  0.219  0.223  0.229  0.235  0.245  0.283  0.297
 0.305  0.311  0.387  0.419  0.449  0.483  0.487  0.511  0.517  0.531
 0.535  0.539  0.541  0.543  0.545  0.561  0.567  0.589  0.607  0.613
 0.665  0.683  0.707  0.729  0.735  0.741  0.743  0.747  0.747  0.759
 0.761  0.763  0.853  0.871  0.891  0.905  0.905  0.947  0.953  0.959
 1.005  1.011  1.025  1.035  1.037  1.069  1.071  1.113  1.141  1.153
 1.211  1.225  1.249  1.259  1.261  1.319  1.329  1.329  1.331  1.353
 1.357  1.361  1.381  1.401  1.427  1.429  1.439  1.461  1.481  1.493
 1.519  1.525  1.531  1.537  1.545  1.563  1.573  1.581  1.637  1.647
 1.655  1.659  1.659  1.697  1.739  1.747  1.767  1.775  1.775  1.789
 1.801  1.823  1.873  1.891  1.891  1.895  1.907  1.927  1.965  2.005
 2.033  2.049  2.097  2.099  2.117  2.141  2.185  2.217  2.217  2.233
 2.251  2.251  2.257  2.259  2.267  2.281  2.293  2.333  2.339  2.367
 2.409  2.425  2.427  2.439  2.445  2.455  2.463  2.485  2.495  2.509
 2.533  2.535  2.631  2.639  2.693  2.707  2.719  2.733  2.735  2.741
 2.785  2.801  2.819  2.855  2.865  2.865  2.883  2.899  2.927  2.965
 2.969  2.979  2.987  2.997  2.997  3.073  3.081  3.097  3.145  3.171
 3.203  3.205  3.247  3.279  3.289  3.329  3.335  3.355  3.359  3.395
 3.395  3.397  3.401  3.459  3.517  3.541  3.549  3.561  3.585  3.597
 3.645  3.661  3.673  3.693  3.695  3.717  3.747  3.827  3.831  3.841
 3.899  3.903  3.937  3.977  3.987  4.019  4.025  4.055  4.057  4.087
 4.099  4.109  4.123  4.149  4.185  4.201  4.221  4.233  4.239  4.249
 4.261  4.297  4.321  4.327  4.367  4.401  4.435  4.447  4.477  4.523
 4.569  4.721  4.773  4.777  4.833  4.887  4.953  5.073  5.131  5.335

500 randomizations of the lab 1 data, ratio of means (B/A)
  10 values per line

0.1731 0.1891 0.1987 0.2015 0.2129 0.2347 0.2363 0.2389 0.2496 0.2568
0.2634 0.2643 0.2666 0.2670 0.2676 0.2691 0.2710 0.2731 0.2750 0.2752
0.2774 0.2791 0.2834 0.2838 0.2881 0.2951 0.2964 0.2991 0.3055 0.3077
0.3095 0.3136 0.3238 0.3247 0.3261 0.3277 0.3303 0.3316 0.3319 0.3342
0.3349 0.3379 0.3384 0.3419 0.3431 0.3495 0.3521 0.3529 0.3538 0.3548
0.3572 0.3577 0.3618 0.3654 0.3659 0.3666 0.3671 0.3703 0.3723 0.3728
0.3730 0.3745 0.3748 0.3765 0.3765 0.3775 0.3810 0.3815 0.3820 0.3867
0.3890 0.3897 0.3941 0.3981 0.4004 0.4022 0.4123 0.4126 0.4152 0.4155
0.4213 0.4274 0.4295 0.4308 0.4311 0.4316 0.4338 0.4349 0.4351 0.4403
0.4457 0.4468 0.4479 0.4529 0.4581 0.4598 0.4598 0.4606 0.4640 0.4665
0.4725 0.4736 0.4816 0.4874 0.4885 0.4908 0.5011 0.5020 0.5029 0.5055
0.5121 0.5127 0.5196 0.5275 0.5308 0.5321 0.5333 0.5429 0.5448 0.5473
0.5504 0.5548 0.5612 0.5621 0.5660 0.5666 0.5676 0.5698 0.5763 0.5766
0.5789 0.5792 0.5805 0.5809 0.5845 0.5881 0.5907 0.5920 0.6024 0.6044
0.6058 0.6078 0.6156 0.6156 0.6159 0.6166 0.6170 0.6180 0.6187 0.6214
0.6231 0.6235 0.6280 0.6315 0.6322 0.6367 0.6374 0.6395 0.6399 0.6416
0.6423 0.6430 0.6437 0.6451 0.6480 0.6512 0.6540 0.6551 0.6558 0.6602
0.6612 0.6620 0.6641 0.6649 0.6685 0.6688 0.6769 0.6784 0.6888 0.6891
0.6944 0.6985 0.7000 0.7015 0.7188 0.7226 0.7238 0.7253 0.7253 0.7261
0.7285 0.7312 0.7351 0.7391 0.7498 0.7619 0.7640 0.7668 0.7684 0.7746
0.7787 0.7791 0.7812 0.7821 0.7925 0.7933 0.7967 0.8052 0.8099 0.8112
0.8194 0.8224 0.8246 0.8325 0.8360 0.8360 0.8382 0.8391 0.8426 0.8426
0.8453 0.8462 0.8502 0.8515 0.8560 0.8619 0.8633 0.8633 0.8660 0.8683
0.8729 0.8770 0.8798 0.8802 0.8839 0.8877 0.8909 0.8937 0.8947 0.8980
0.9103 0.9117 0.9189 0.9267 0.9369 0.9379 0.9443 0.9463 0.9503 0.9704
0.9847 1.0039 1.0066 1.0071 1.0113 1.0129 1.0166 1.0236 1.0241 1.0316
1.0490 1.0573 1.0579 1.0590 1.0601 1.0618 1.0634 1.0662 1.0769 1.0808
1.0831 1.0848 1.1066 1.1160 1.1248 1.1349 1.1361 1.1433 1.1451 1.1493
1.1505 1.1517 1.1523 1.1529 1.1535 1.1584 1.1602 1.1670 1.1725 1.1743
1.1905 1.1962 1.2038 1.2108 1.2127 1.2147 1.2153 1.2166 1.2166 1.2204
1.2211 1.2217 1.2512 1.2572 1.2638 1.2685 1.2685 1.2828 1.2848 1.2869
1.3027 1.3048 1.3097 1.3132 1.3139 1.3251 1.3258 1.3408 1.3509 1.3552
1.3764 1.3816 1.3906 1.3943 1.3951 1.4170 1.4208 1.4208 1.4216 1.4301
1.4316 1.4332 1.4409 1.4488 1.4590 1.4598 1.4637 1.4725 1.4805 1.4854
1.4959 1.4984 1.5008 1.5033 1.5066 1.5140 1.5181 1.5214 1.5449 1.5492
1.5526 1.5543 1.5543 1.5706 1.5889 1.5924 1.6012 1.6048 1.6048 1.6110
1.6164 1.6262 1.6490 1.6573 1.6573 1.6591 1.6647 1.6740 1.6919 1.7110
1.7245 1.7323 1.7559 1.7569 1.7659 1.7780 1.8004 1.8169 1.8169 1.8252
1.8346 1.8346 1.8378 1.8388 1.8431 1.8505 1.8569 1.8784 1.8816 1.8969
1.9202 1.9291 1.9302 1.9370 1.9404 1.9461 1.9506 1.9632 1.9689 1.9770
1.9910 1.9922 2.0495 2.0543 2.0876 2.0964 2.1039 2.1128 2.1141 2.1179
2.1461 2.1565 2.1683 2.1921 2.1987 2.1987 2.2108 2.2217 2.2408 2.2671
2.2699 2.2769 2.2825 2.2896 2.2896 2.3443 2.3501 2.3619 2.3978 2.4175
2.4421 2.4437 2.4766 2.5021 2.5101 2.5426 2.5476 2.5641 2.5674 2.5976
2.5976 2.5993 2.6027 2.6527 2.7040 2.7256 2.7329 2.7439 2.7660 2.7772
2.8225 2.8379 2.8494 2.8689 2.8709 2.8926 2.9225 3.0047 3.0089 3.0195
3.0817 3.0861 3.1235 3.1685 3.1799 3.2168 3.2238 3.2591 3.2614 3.2974
3.3119 3.3241 3.3413 3.3736 3.4191 3.4396 3.4655 3.4812 3.4891 3.5024
3.5183 3.5669 3.5999 3.6082 3.6644 3.7133 3.7632 3.7811 3.8264 3.8975
3.9707 4.2291 4.3238 4.3312 4.4374 4.5439 4.6798 4.9448 5.0819 5.6190
