person machine1 machine3 machine3 machine4 machine5
1       500     400     98      200     250
2       660     600     600     75      310
3       250     370     220     250     220
4       72      140     240     33      54
5       135     300     450     430     70
6       27      84      135     190     180
7       100     50      82      73      78
8       105     180     32      58      32
9       90      180     220     34      64
10      200     290     320     280     135
11      15      45      75      88      80
12      160     200     300     300     220
13      250     400     50      50      92
14      170     310     230     20      150
15      66      1000    1050    280     220
16      107     48      26      45      51

